0 0 22.0 8.485281374238571 8.48528137423857 0.19597229905611435
1.6393136847980827e-16 0.9999941505680717 21.000060444198358 8.504696205481718 8.465998901462797 -0.07698330199499637
0.002280234736533397 1.999990648180532 20.00002852017779 8.500282876810164 8.470337595744855 -0.37135769686676756
0.0036647027417845246 2.9999686854906 19.00011322976557 8.46564182683529 8.505109982963656 -0.6747194343695018
0.0007284818916930276 3.999895037308304 18.001152262627762 8.396231324222825 25.18578295670645 6.521377474269803
-0.009988558195892963 4.9933667837248095 17.04262467077207 9.080137699941364 39.9311094724506 6.4626003168227175
0.05455435012705098 5.984913891249391 16.173573267579258 10.066932353560327 37.482147539372676 6.391383025575633
0.1933368794767122 6.968960325283551 15.383216683675501 11.458940090515407 35.42691836603312 5.7799764761576125
0.4050064086722287 7.941099094985022 14.635270318237717 13.26710790756671 33.7940640802602 4.653725343854429
0.6819634599856101 8.898549949262684 13.875984476696884 14.54785479216167 32.55475819269457 3.7098411623749143
1.0106984034769342 9.840753094472749 13.087225297738533 13.238316544647148 31.561950663948313 4.510694241146613
1.3793995291351924 10.766968197663381 12.365408584377864 11.976037995205749 30.513703220655138 5.301753101136244
1.7956614695688626 11.67150567182921 11.724316177409396 10.786517376671576 29.455076218249005 6.0756260334478664
2.266219472604979 12.547503865239054 11.181619708854326 9.689957695212211 28.430496686529924 6.831607069605381
2.796623433461625 13.386862029134695 10.76190937044017 8.701279896738424 27.481760357548918 7.575366743833989
3.3909431496933555 14.180212435394889 10.502762185146914 7.831396549769561 26.6485597324071 8.316997944645365
4.0514936212573565 14.916927795769958 10.467081873585341 7.089362024573819 25.971548843736034 9.067287981717545
4.7785523316399345 15.58517151617145 10.770342191930776 6.485136590477359 25.49788097237976 9.830408777690383
5.570038406152382 16.172027733321183 11.648959804373867 6.033001560572524 23.87773756794229 9.978258039573909
6.422793402781991 16.664759787041024 25.687466523083454 5.738734798276807 18.093810238880465 5.820982155155951
7.335909294614214 17.059643599369934 24.044581863824238 5.473129532427225 16.40398178963917 6.226212750441137
8.272935588889796 17.39163669785194 22.532239696014226 5.301980307539369 14.947704405172349 6.194481512123149
9.23157122501228 17.65502714882518 21.174428472250355 5.226382781200765 13.774386143012087 6.045738980483967
10.206941945458285 17.84882900576475 19.950888716089324 5.252782564878825 12.809282660291617 5.98421385895454
11.193624753356337 17.973681104535842 18.836229652120004 5.398790462736614 11.969071398217864 6.020410862029724
12.186533144431708 18.02965017983406 17.815131302956587 5.693277435585512 11.203542651143561 6.074667829777392
13.180825069647693 18.016057663426444 16.87908364312093 6.175945752056732 10.490573475095752 6.038212517596406
14.171747434774371 17.932346444396668 16.01897075840763 19.602123013485365 9.823625832851388 -11.045477792875156
15.141537635462164 17.781346541356253 14.86363709546468 20.479807468959994 10.725233547488317 -9.49196351530111
16.127502996942194 17.755322699147904 13.921318974389493 21.492451519699284 12.015205128126505 -7.824072203187333
17.114719384849685 17.838219822651528 13.084335410271255 22.468674555708635 13.667875427112454 -5.912786741602735
18.094266959422594 18.01106240201925 12.267274009179415 23.079278393372345 13.897665609652083 -5.1464601415476725
19.06088243698472 18.251079235887413 11.46201895523202 23.590471665432762 12.346808215171531 -6.02681361526289
20.0099870986992 18.54802473178598 10.728817241921512 24.940346796754792 10.902888284781756 -7.6340519097745965
20.93287252256362 18.909458788152023 10.128794616016988 28.527878808328968 9.56300361600897 -10.874036736332727
21.811982149022356 19.347154196738945 9.841116505907342 31.259564247024855 8.350085069138736 -12.901515800460793
22.622999241492998 19.887893640874648 9.96651839173296 30.146738155144206 7.385485013392816 -12.56381315482935
23.34545349673577 20.544202964156234 10.482203305983923 29.596632239518538 6.686363480106173 -12.613784069033436
23.964973445484546 21.298196381965656 11.70501511549378 24.72084179147119 6.218777518670122 -9.613235506857004
24.473326451001107 22.14299777121087 13.253545731161271 18.61035302288392 5.894767101256447 -4.823155161068371
24.888845700958043 23.04868768146362 13.988118565759862 17.228950241805904 5.57630520434242 -4.454590061616285
25.253134473507334 23.976729287550576 14.988360982385213 16.234785619718185 5.305827363841975 -4.803227284615776
25.56872569963406 24.921922812633447 16.832282516237935 15.25921396204144 5.103292746159557 -5.960079039627699
25.830563092972852 25.881432774980034 21.28924029691428 14.110942727928736 5.011956263867618 -8.875021507662728
26.024065401856337 26.85032628916952 23.25251532768275 12.585807995117658 5.1608030329503185 -8.187186116369636
26.11705508085621 27.835756653522083 22.164254332463848 11.467837082440262 5.496788984260301 -5.903889777611301
26.11606470920417 28.830451996787357 21.22095990189294 10.755670493311774 5.918804860235689 -4.007914495462392
26.04666818841599 29.82558963241394 20.311467989925422 10.259136787182083 6.372958848409602 -2.4626626820823994
25.93080091635703 30.81792450385978 19.385184645049094 9.891376032514577 6.80915988133044 -1.2555096096928313
25.786456523257566 31.807209398749578 18.426663949132813 9.607769134622679 7.192423327790599 -0.36454446678383334
25.627641787698273 32.794497299462314 17.43873966227193 9.383121068028387 7.507637689838128 0.2755297379079238
25.464639347543372 33.78111124582223 16.430133222818238 9.203790621771494 7.752870524919363 0.7905987013926037
