22.0 8.485281374238571 8.48528137423857 -0.5921673558011182
21.000551892798285 8.427416033399131 8.54435528755498 -0.06938997000685276
20.000670410614664 8.41104317919192 8.561178033479713 0.5818137868788202
19.000167238505004 8.456809079885979 8.513813865859674 1.1410280821551417
18.001730180762017 8.569811938933064 8.40409113933221 1.484984223573969
17.00823316822981 8.743631177873889 41.22776295420499 19.217019316289726
16.575726298655095 11.82617879197643 6.943849100455345 -5.59837244345062
15.357068919977932 11.113769911221748 36.01018861470526 18.791315265640563
15.39061013603418 15.269832417842963 31.864174356729862 13.827104277849909
15.682886994639535 13.606338409610233 5.3047427681637425 -10.751859317535175
13.731096115018488 13.230147890709633 30.474914071406207 16.432722974619377
14.288865675407292 11.715048632166996 28.599966689716382 17.96549557140547
16.077846955236335 10.811653306051467 24.5444068397358 17.201342916218774
31.414493196600773 10.47610396759175 7.525140047872897 -3.7902625498895466
31.26931055369481 9.848699292330167 11.658163714100219 1.8157892312492656
29.86133522231357 9.33038759430167 13.045552138176783 4.388725214227069
28.003207764969645 8.901586426828437 12.624177943517603 5.088252413611249
26.187076993999366 8.55431143535221 11.935776416582046 5.325588559827171
24.504526040060227 8.28932790752303 11.272203882658316 5.313574521796188
22.971628426105386 8.105100943534364 10.693335430519845 5.064809645205907
21.58205218793872 7.994279876030113 10.215663302361973 4.700536207903895
20.31085158098868 7.949415421015375 9.82121804494105 4.393490783093894
19.126971516724407 7.970586630172503 9.472326782411818 4.17140438431931
18.007723945278777 8.062393734746186 9.142372850426518 3.942700733349268
16.93907681525063 25.70724974538174 8.82485748574094 -19.230631484601624
16.65038029996376 6.974794728189005 12.325619829751751 11.259937364017933
15.20946769114432 25.613468541788436 10.481389767112443 -16.68067234334415
14.988077135918461 33.46671087491456 14.975991686098935 -15.350911318314129
15.249920718122095 34.50016894783097 13.612204754411122 -17.250532965457595
16.530980003963517 4.897222439329234 12.362576733210874 14.833316668122519
13.684032740421218 33.110847224597535 11.932043922683789 -18.784623275060028
15.106126199612302 31.748624406653338 10.81729921435797 -19.849703309137208
18.803402473031365 8.678585569592789 10.383444860157717 4.816004258771221
16.399783328892436 15.062871022508826 9.729148447545251 -5.561078198014291
16.955807464511988 13.386764813587808 9.254293525437896 -3.905068084414726
17.219873182458453 13.166792477590919 8.81011191899201 -4.3807647529684495
17.84948231618716 12.69086018149828 8.429588699856161 -4.595034942821993
18.89218072661297 12.168755845280412 8.114362482499109 -5.129828144456882
20.77180111963641 11.528483579770779 7.8851166133619515 -6.322554548280903
24.809019004996866 10.679125988473968 7.793870465943784 -4.6130225001194125
24.65492450904941 10.26681001318293 7.72192268386494 -4.391289409090765
23.41541241550653 9.893126885408039 7.717269566217423 -4.932669643261564
22.23235877440488 9.4371558524696 7.835284141329413 -4.515519920199747
21.13521015387557 9.036238132417946 8.032622528014539 -3.0131898791520975
20.104072428607445 8.787841207603888 8.206248705015948 -1.3030281670709787
19.09825758085406 8.690901107048825 8.286596306002671 0.013641933453618194
18.09829630233916 8.711514274382115 8.266633351411278 0.8349714005402635
17.10146046377885 8.81938562238454 8.170859169692964 1.218694641412739
16.108620320829395 8.987475077594372 8.030826140535684 1.2566146156683384
